거래일자,시장ID,종목코드,종목명,시각,결제월,결제월번호,종가
"20200827","DRV","KR4101Q90009","코스피200 F 202009","0900","202009","1","314.45"
"20200827","DRV","KR4101Q90009","코스피200 F 202009","0901","202009","1","314"
"20200827","DRV","KR4101Q90009","코스피200 F 202009","0902","202009","1","314.1"
"20200827","DRV","KR4101Q90009","코스피200 F 202009","0903","202009","1","314.05"
"20200827","DRV","KR4101Q90009","코스피200 F 202009","0904","202009","1","313.75"
"20200827","DRV","KR4101Q90009","코스피200 F 202009","0905","202009","1","313.6"
"20200827","DRV","KR4101Q90009","코스피200 F 202009","0906","202009","1","313.5"
"20200827","DRV","KR4101Q90009","코스피200 F 202009","0907","202009","1","313.3"
"20200827","DRV","KR4101Q90009","코스피200 F 202009","0908","202009","1","313"
"20200827","DRV","KR4101Q90009","코스피200 F 202009","0909","202009","1","313.05"
"20200827","DRV","KR4101Q90009","코스피200 F 202009","0910","202009","1","313.45"
"20200827","DRV","KR4101Q90009","코스피200 F 202009","0911","202009","1","313.6"
"20200827","DRV","KR4101Q90009","코스피200 F 202009","0912","202009","1","313.85"
"20200827","DRV","KR4101Q90009","코스피200 F 202009","0913","202009","1","314"
"20200827","DRV","KR4101Q90009","코스피200 F 202009","0914","202009","1","313.95"
"20200827","DRV","KR4101Q90009","코스피200 F 202009","0915","202009","1","313.45"
"20200827","DRV","KR4101Q90009","코스피200 F 202009","0916","202009","1","313.25"
"20200827","DRV","KR4101Q90009","코스피200 F 202009","0917","202009","1","313.05"
"20200827","DRV","KR4101Q90009","코스피200 F 202009","0918","202009","1","313.3"
"20200827","DRV","KR4101Q90009","코스피200 F 202009","0919","202009","1","313.15"
"20200827","DRV","KR4101Q90009","코스피200 F 202009","0920","202009","1","313.3"
"20200827","DRV","KR4101Q90009","코스피200 F 202009","0921","202009","1","313.45"
"20200827","DRV","KR4101Q90009","코스피200 F 202009","0922","202009","1","313.35"
"20200827","DRV","KR4101Q90009","코스피200 F 202009","0923","202009","1","313.55"
"20200827","DRV","KR4101Q90009","코스피200 F 202009","0924","202009","1","313.25"
"20200827","DRV","KR4101Q90009","코스피200 F 202009","0925","202009","1","313.15"
"20200827","DRV","KR4101Q90009","코스피200 F 202009","0926","202009","1","312.9"
"20200827","DRV","KR4101Q90009","코스피200 F 202009","0927","202009","1","312.9"
"20200827","DRV","KR4101Q90009","코스피200 F 202009","0928","202009","1","313.2"
"20200827","DRV","KR4101Q90009","코스피200 F 202009","0929","202009","1","313.2"
"20200827","DRV","KR4101Q90009","코스피200 F 202009","0930","202009","1","313.4"
"20200827","DRV","KR4101Q90009","코스피200 F 202009","0931","202009","1","312.95"
"20200827","DRV","KR4101Q90009","코스피200 F 202009","0932","202009","1","312.8"
"20200827","DRV","KR4101Q90009","코스피200 F 202009","0933","202009","1","312.8"
"20200827","DRV","KR4101Q90009","코스피200 F 202009","0934","202009","1","312.65"
"20200827","DRV","KR4101Q90009","코스피200 F 202009","0935","202009","1","312.75"
"20200827","DRV","KR4101Q90009","코스피200 F 202009","0936","202009","1","312.6"
"20200827","DRV","KR4101Q90009","코스피200 F 202009","0937","202009","1","312.75"
"20200827","DRV","KR4101Q90009","코스피200 F 202009","0938","202009","1","313.2"
"20200827","DRV","KR4101Q90009","코스피200 F 202009","0939","202009","1","312.85"
"20200827","DRV","KR4101Q90009","코스피200 F 202009","0940","202009","1","313.05"
"20200827","DRV","KR4101Q90009","코스피200 F 202009","0941","202009","1","313.25"
"20200827","DRV","KR4101Q90009","코스피200 F 202009","0942","202009","1","313.3"
"20200827","DRV","KR4101Q90009","코스피200 F 202009","0943","202009","1","313.15"
"20200827","DRV","KR4101Q90009","코스피200 F 202009","0944","202009","1","313.05"
"20200827","DRV","KR4101Q90009","코스피200 F 202009","0945","202009","1","312.95"
"20200827","DRV","KR4101Q90009","코스피200 F 202009","0946","202009","1","313.15"
"20200827","DRV","KR4101Q90009","코스피200 F 202009","0947","202009","1","313.4"
"20200827","DRV","KR4101Q90009","코스피200 F 202009","0948","202009","1","313.55"
"20200827","DRV","KR4101Q90009","코스피200 F 202009","0949","202009","1","313.8"
"20200827","DRV","KR4101Q90009","코스피200 F 202009","0950","202009","1","313.65"
"20200827","DRV","KR4101Q90009","코스피200 F 202009","0951","202009","1","314"
"20200827","DRV","KR4101Q90009","코스피200 F 202009","0952","202009","1","314.2"
"20200827","DRV","KR4101Q90009","코스피200 F 202009","0953","202009","1","314.15"
"20200827","DRV","KR4101Q90009","코스피200 F 202009","0954","202009","1","313.85"
"20200827","DRV","KR4101Q90009","코스피200 F 202009","0955","202009","1","314"
"20200827","DRV","KR4101Q90009","코스피200 F 202009","0956","202009","1","314.3"
"20200827","DRV","KR4101Q90009","코스피200 F 202009","0957","202009","1","314.15"
"20200827","DRV","KR4101Q90009","코스피200 F 202009","0958","202009","1","314.15"
"20200827","DRV","KR4101Q90009","코스피200 F 202009","0959","202009","1","314"
"20200827","DRV","KR4101Q90009","코스피200 F 202009","1000","202009","1","314.25"
"20200827","DRV","KR4101Q90009","코스피200 F 202009","1001","202009","1","314.5"
"20200827","DRV","KR4101Q90009","코스피200 F 202009","1002","202009","1","314.55"
"20200827","DRV","KR4101Q90009","코스피200 F 202009","1003","202009","1","314.8"
"20200827","DRV","KR4101Q90009","코스피200 F 202009","1004","202009","1","314.7"
"20200827","DRV","KR4101Q90009","코스피200 F 202009","1005","202009","1","314.55"
"20200827","DRV","KR4101Q90009","코스피200 F 202009","1006","202009","1","314.35"
"20200827","DRV","KR4101Q90009","코스피200 F 202009","1007","202009","1","314.4"
"20200827","DRV","KR4101Q90009","코스피200 F 202009","1008","202009","1","314.05"
"20200827","DRV","KR4101Q90009","코스피200 F 202009","1009","202009","1","313.85"
"20200827","DRV","KR4101Q90009","코스피200 F 202009","1010","202009","1","313.6"
"20200827","DRV","KR4101Q90009","코스피200 F 202009","1011","202009","1","313.4"
"20200827","DRV","KR4101Q90009","코스피200 F 202009","1012","202009","1","313.45"
"20200827","DRV","KR4101Q90009","코스피200 F 202009","1013","202009","1","313.15"
"20200827","DRV","KR4101Q90009","코스피200 F 202009","1014","202009","1","313.05"
"20200827","DRV","KR4101Q90009","코스피200 F 202009","1015","202009","1","312.8"
"20200827","DRV","KR4101Q90009","코스피200 F 202009","1016","202009","1","312.4"
"20200827","DRV","KR4101Q90009","코스피200 F 202009","1017","202009","1","312.6"
"20200827","DRV","KR4101Q90009","코스피200 F 202009","1018","202009","1","312.7"
"20200827","DRV","KR4101Q90009","코스피200 F 202009","1019","202009","1","312.8"
"20200827","DRV","KR4101Q90009","코스피200 F 202009","1020","202009","1","313.2"
"20200827","DRV","KR4101Q90009","코스피200 F 202009","1021","202009","1","313.15"
"20200827","DRV","KR4101Q90009","코스피200 F 202009","1022","202009","1","312.95"
"20200827","DRV","KR4101Q90009","코스피200 F 202009","1023","202009","1","313.1"
"20200827","DRV","KR4101Q90009","코스피200 F 202009","1024","202009","1","313.25"
"20200827","DRV","KR4101Q90009","코스피200 F 202009","1025","202009","1","313.2"
"20200827","DRV","KR4101Q90009","코스피200 F 202009","1026","202009","1","313"
"20200827","DRV","KR4101Q90009","코스피200 F 202009","1027","202009","1","313.15"
"20200827","DRV","KR4101Q90009","코스피200 F 202009","1028","202009","1","313.3"
"20200827","DRV","KR4101Q90009","코스피200 F 202009","1029","202009","1","313.5"
"20200827","DRV","KR4101Q90009","코스피200 F 202009","1030","202009","1","313.15"
"20200827","DRV","KR4101Q90009","코스피200 F 202009","1031","202009","1","313.35"
"20200827","DRV","KR4101Q90009","코스피200 F 202009","1032","202009","1","312.95"
"20200827","DRV","KR4101Q90009","코스피200 F 202009","1033","202009","1","312.55"
"20200827","DRV","KR4101Q90009","코스피200 F 202009","1034","202009","1","312.45"
"20200827","DRV","KR4101Q90009","코스피200 F 202009","1035","202009","1","312.35"
"20200827","DRV","KR4101Q90009","코스피200 F 202009","1036","202009","1","312.25"
"20200827","DRV","KR4101Q90009","코스피200 F 202009","1037","202009","1","312.25"
"20200827","DRV","KR4101Q90009","코스피200 F 202009","1038","202009","1","312.3"
"20200827","DRV","KR4101Q90009","코스피200 F 202009","1039","202009","1","312.15"
"20200827","DRV","KR4101Q90009","코스피200 F 202009","1040","202009","1","312.2"
"20200827","DRV","KR4101Q90009","코스피200 F 202009","1041","202009","1","312.2"
"20200827","DRV","KR4101Q90009","코스피200 F 202009","1042","202009","1","311.85"
"20200827","DRV","KR4101Q90009","코스피200 F 202009","1043","202009","1","311.75"
"20200827","DRV","KR4101Q90009","코스피200 F 202009","1044","202009","1","311.6"
"20200827","DRV","KR4101Q90009","코스피200 F 202009","1045","202009","1","311.35"
"20200827","DRV","KR4101Q90009","코스피200 F 202009","1046","202009","1","311.45"
"20200827","DRV","KR4101Q90009","코스피200 F 202009","1047","202009","1","311.85"
"20200827","DRV","KR4101Q90009","코스피200 F 202009","1048","202009","1","311.6"
"20200827","DRV","KR4101Q90009","코스피200 F 202009","1049","202009","1","311.9"
"20200827","DRV","KR4101Q90009","코스피200 F 202009","1050","202009","1","312.1"
"20200827","DRV","KR4101Q90009","코스피200 F 202009","1051","202009","1","312.25"
"20200827","DRV","KR4101Q90009","코스피200 F 202009","1052","202009","1","312.25"
"20200827","DRV","KR4101Q90009","코스피200 F 202009","1053","202009","1","312.25"
"20200827","DRV","KR4101Q90009","코스피200 F 202009","1054","202009","1","312.2"
"20200827","DRV","KR4101Q90009","코스피200 F 202009","1055","202009","1","311.8"
"20200827","DRV","KR4101Q90009","코스피200 F 202009","1056","202009","1","311.75"
"20200827","DRV","KR4101Q90009","코스피200 F 202009","1057","202009","1","312.15"
"20200827","DRV","KR4101Q90009","코스피200 F 202009","1058","202009","1","312.2"
"20200827","DRV","KR4101Q90009","코스피200 F 202009","1059","202009","1","312.2"
"20200827","DRV","KR4101Q90009","코스피200 F 202009","1100","202009","1","312.5"
"20200827","DRV","KR4101Q90009","코스피200 F 202009","1101","202009","1","312.6"
"20200827","DRV","KR4101Q90009","코스피200 F 202009","1102","202009","1","312.45"
"20200827","DRV","KR4101Q90009","코스피200 F 202009","1103","202009","1","312.45"
"20200827","DRV","KR4101Q90009","코스피200 F 202009","1104","202009","1","312.25"
"20200827","DRV","KR4101Q90009","코스피200 F 202009","1105","202009","1","312.25"
"20200827","DRV","KR4101Q90009","코스피200 F 202009","1106","202009","1","312.1"
"20200827","DRV","KR4101Q90009","코스피200 F 202009","1107","202009","1","312.2"
"20200827","DRV","KR4101Q90009","코스피200 F 202009","1108","202009","1","312.45"
"20200827","DRV","KR4101Q90009","코스피200 F 202009","1109","202009","1","312.2"
"20200827","DRV","KR4101Q90009","코스피200 F 202009","1110","202009","1","312.05"
"20200827","DRV","KR4101Q90009","코스피200 F 202009","1111","202009","1","312.1"
"20200827","DRV","KR4101Q90009","코스피200 F 202009","1112","202009","1","312"
"20200827","DRV","KR4101Q90009","코스피200 F 202009","1113","202009","1","312"
"20200827","DRV","KR4101Q90009","코스피200 F 202009","1114","202009","1","312.2"
"20200827","DRV","KR4101Q90009","코스피200 F 202009","1115","202009","1","312.15"
"20200827","DRV","KR4101Q90009","코스피200 F 202009","1116","202009","1","312.1"
"20200827","DRV","KR4101Q90009","코스피200 F 202009","1117","202009","1","311.95"
"20200827","DRV","KR4101Q90009","코스피200 F 202009","1118","202009","1","311.85"
"20200827","DRV","KR4101Q90009","코스피200 F 202009","1119","202009","1","311.75"
"20200827","DRV","KR4101Q90009","코스피200 F 202009","1120","202009","1","311.6"
"20200827","DRV","KR4101Q90009","코스피200 F 202009","1121","202009","1","311.2"
"20200827","DRV","KR4101Q90009","코스피200 F 202009","1122","202009","1","311.3"
"20200827","DRV","KR4101Q90009","코스피200 F 202009","1123","202009","1","311.2"
"20200827","DRV","KR4101Q90009","코스피200 F 202009","1124","202009","1","311.15"
"20200827","DRV","KR4101Q90009","코스피200 F 202009","1125","202009","1","311.2"
"20200827","DRV","KR4101Q90009","코스피200 F 202009","1126","202009","1","311.65"
"20200827","DRV","KR4101Q90009","코스피200 F 202009","1127","202009","1","312.05"
"20200827","DRV","KR4101Q90009","코스피200 F 202009","1128","202009","1","312.05"
"20200827","DRV","KR4101Q90009","코스피200 F 202009","1129","202009","1","311.9"
"20200827","DRV","KR4101Q90009","코스피200 F 202009","1130","202009","1","311.85"
"20200827","DRV","KR4101Q90009","코스피200 F 202009","1131","202009","1","312.05"
"20200827","DRV","KR4101Q90009","코스피200 F 202009","1132","202009","1","312.05"
"20200827","DRV","KR4101Q90009","코스피200 F 202009","1133","202009","1","312.1"
"20200827","DRV","KR4101Q90009","코스피200 F 202009","1134","202009","1","311.95"
"20200827","DRV","KR4101Q90009","코스피200 F 202009","1135","202009","1","312.1"
"20200827","DRV","KR4101Q90009","코스피200 F 202009","1136","202009","1","312.2"
"20200827","DRV","KR4101Q90009","코스피200 F 202009","1137","202009","1","312.05"
"20200827","DRV","KR4101Q90009","코스피200 F 202009","1138","202009","1","312.2"
"20200827","DRV","KR4101Q90009","코스피200 F 202009","1139","202009","1","312.2"
"20200827","DRV","KR4101Q90009","코스피200 F 202009","1140","202009","1","312.3"
"20200827","DRV","KR4101Q90009","코스피200 F 202009","1141","202009","1","312.3"
"20200827","DRV","KR4101Q90009","코스피200 F 202009","1142","202009","1","312.25"
"20200827","DRV","KR4101Q90009","코스피200 F 202009","1143","202009","1","312.3"
"20200827","DRV","KR4101Q90009","코스피200 F 202009","1144","202009","1","312.45"
"20200827","DRV","KR4101Q90009","코스피200 F 202009","1145","202009","1","312.55"
"20200827","DRV","KR4101Q90009","코스피200 F 202009","1146","202009","1","312.7"
"20200827","DRV","KR4101Q90009","코스피200 F 202009","1147","202009","1","312.55"
"20200827","DRV","KR4101Q90009","코스피200 F 202009","1148","202009","1","312.7"
"20200827","DRV","KR4101Q90009","코스피200 F 202009","1149","202009","1","312.7"
"20200827","DRV","KR4101Q90009","코스피200 F 202009","1150","202009","1","312.7"
"20200827","DRV","KR4101Q90009","코스피200 F 202009","1151","202009","1","312.55"
"20200827","DRV","KR4101Q90009","코스피200 F 202009","1152","202009","1","312.45"
"20200827","DRV","KR4101Q90009","코스피200 F 202009","1153","202009","1","312.45"
"20200827","DRV","KR4101Q90009","코스피200 F 202009","1154","202009","1","312.5"
"20200827","DRV","KR4101Q90009","코스피200 F 202009","1155","202009","1","312.3"
"20200827","DRV","KR4101Q90009","코스피200 F 202009","1156","202009","1","312.3"
"20200827","DRV","KR4101Q90009","코스피200 F 202009","1157","202009","1","312.25"
"20200827","DRV","KR4101Q90009","코스피200 F 202009","1158","202009","1","312.4"
"20200827","DRV","KR4101Q90009","코스피200 F 202009","1159","202009","1","312.55"
"20200827","DRV","KR4101Q90009","코스피200 F 202009","1200","202009","1","312.4"
"20200827","DRV","KR4101Q90009","코스피200 F 202009","1201","202009","1","312.3"
"20200827","DRV","KR4101Q90009","코스피200 F 202009","1202","202009","1","312.55"
"20200827","DRV","KR4101Q90009","코스피200 F 202009","1203","202009","1","312.2"
"20200827","DRV","KR4101Q90009","코스피200 F 202009","1204","202009","1","312.15"
"20200827","DRV","KR4101Q90009","코스피200 F 202009","1205","202009","1","312.3"
"20200827","DRV","KR4101Q90009","코스피200 F 202009","1206","202009","1","312.15"
"20200827","DRV","KR4101Q90009","코스피200 F 202009","1207","202009","1","312"
"20200827","DRV","KR4101Q90009","코스피200 F 202009","1208","202009","1","312.15"
"20200827","DRV","KR4101Q90009","코스피200 F 202009","1209","202009","1","312.2"
"20200827","DRV","KR4101Q90009","코스피200 F 202009","1210","202009","1","312.15"
"20200827","DRV","KR4101Q90009","코스피200 F 202009","1211","202009","1","312.3"
"20200827","DRV","KR4101Q90009","코스피200 F 202009","1212","202009","1","312.35"
"20200827","DRV","KR4101Q90009","코스피200 F 202009","1213","202009","1","312.55"
"20200827","DRV","KR4101Q90009","코스피200 F 202009","1214","202009","1","312.25"
"20200827","DRV","KR4101Q90009","코스피200 F 202009","1215","202009","1","312.45"
"20200827","DRV","KR4101Q90009","코스피200 F 202009","1216","202009","1","312.7"
"20200827","DRV","KR4101Q90009","코스피200 F 202009","1217","202009","1","312.85"
"20200827","DRV","KR4101Q90009","코스피200 F 202009","1218","202009","1","312.9"
"20200827","DRV","KR4101Q90009","코스피200 F 202009","1219","202009","1","312.95"
"20200827","DRV","KR4101Q90009","코스피200 F 202009","1220","202009","1","312.85"
"20200827","DRV","KR4101Q90009","코스피200 F 202009","1221","202009","1","312.8"
"20200827","DRV","KR4101Q90009","코스피200 F 202009","1222","202009","1","312.95"
"20200827","DRV","KR4101Q90009","코스피200 F 202009","1223","202009","1","312.9"
"20200827","DRV","KR4101Q90009","코스피200 F 202009","1224","202009","1","312.95"
"20200827","DRV","KR4101Q90009","코스피200 F 202009","1225","202009","1","313.1"
"20200827","DRV","KR4101Q90009","코스피200 F 202009","1226","202009","1","313.1"
"20200827","DRV","KR4101Q90009","코스피200 F 202009","1227","202009","1","313.1"
"20200827","DRV","KR4101Q90009","코스피200 F 202009","1228","202009","1","313.15"
"20200827","DRV","KR4101Q90009","코스피200 F 202009","1229","202009","1","313.2"
"20200827","DRV","KR4101Q90009","코스피200 F 202009","1230","202009","1","313.2"
"20200827","DRV","KR4101Q90009","코스피200 F 202009","1231","202009","1","313.1"
"20200827","DRV","KR4101Q90009","코스피200 F 202009","1232","202009","1","313.15"
"20200827","DRV","KR4101Q90009","코스피200 F 202009","1233","202009","1","313.15"
"20200827","DRV","KR4101Q90009","코스피200 F 202009","1234","202009","1","313.05"
"20200827","DRV","KR4101Q90009","코스피200 F 202009","1235","202009","1","313.2"
"20200827","DRV","KR4101Q90009","코스피200 F 202009","1236","202009","1","313.4"
"20200827","DRV","KR4101Q90009","코스피200 F 202009","1237","202009","1","313.35"
"20200827","DRV","KR4101Q90009","코스피200 F 202009","1238","202009","1","313.2"
"20200827","DRV","KR4101Q90009","코스피200 F 202009","1239","202009","1","313.1"
"20200827","DRV","KR4101Q90009","코스피200 F 202009","1240","202009","1","313"
"20200827","DRV","KR4101Q90009","코스피200 F 202009","1241","202009","1","312.95"
"20200827","DRV","KR4101Q90009","코스피200 F 202009","1242","202009","1","313.15"
"20200827","DRV","KR4101Q90009","코스피200 F 202009","1243","202009","1","313.05"
"20200827","DRV","KR4101Q90009","코스피200 F 202009","1244","202009","1","313"
"20200827","DRV","KR4101Q90009","코스피200 F 202009","1245","202009","1","312.95"
"20200827","DRV","KR4101Q90009","코스피200 F 202009","1246","202009","1","312.9"
"20200827","DRV","KR4101Q90009","코스피200 F 202009","1247","202009","1","313.05"
"20200827","DRV","KR4101Q90009","코스피200 F 202009","1248","202009","1","313.2"
"20200827","DRV","KR4101Q90009","코스피200 F 202009","1249","202009","1","313.3"
"20200827","DRV","KR4101Q90009","코스피200 F 202009","1250","202009","1","313.1"
"20200827","DRV","KR4101Q90009","코스피200 F 202009","1251","202009","1","313.1"
"20200827","DRV","KR4101Q90009","코스피200 F 202009","1252","202009","1","313.1"
"20200827","DRV","KR4101Q90009","코스피200 F 202009","1253","202009","1","313.25"
"20200827","DRV","KR4101Q90009","코스피200 F 202009","1254","202009","1","313.25"
"20200827","DRV","KR4101Q90009","코스피200 F 202009","1255","202009","1","313.1"
"20200827","DRV","KR4101Q90009","코스피200 F 202009","1256","202009","1","313.1"
"20200827","DRV","KR4101Q90009","코스피200 F 202009","1257","202009","1","313.15"
"20200827","DRV","KR4101Q90009","코스피200 F 202009","1258","202009","1","313.1"
"20200827","DRV","KR4101Q90009","코스피200 F 202009","1259","202009","1","313.05"
"20200827","DRV","KR4101Q90009","코스피200 F 202009","1300","202009","1","313.1"
"20200827","DRV","KR4101Q90009","코스피200 F 202009","1301","202009","1","313.15"
"20200827","DRV","KR4101Q90009","코스피200 F 202009","1302","202009","1","313.05"
"20200827","DRV","KR4101Q90009","코스피200 F 202009","1303","202009","1","312.85"
"20200827","DRV","KR4101Q90009","코스피200 F 202009","1304","202009","1","312.75"
"20200827","DRV","KR4101Q90009","코스피200 F 202009","1305","202009","1","312.6"
"20200827","DRV","KR4101Q90009","코스피200 F 202009","1306","202009","1","312.55"
"20200827","DRV","KR4101Q90009","코스피200 F 202009","1307","202009","1","312.65"
"20200827","DRV","KR4101Q90009","코스피200 F 202009","1308","202009","1","312.55"
"20200827","DRV","KR4101Q90009","코스피200 F 202009","1309","202009","1","312.5"
"20200827","DRV","KR4101Q90009","코스피200 F 202009","1310","202009","1","312.55"
"20200827","DRV","KR4101Q90009","코스피200 F 202009","1311","202009","1","312.65"
"20200827","DRV","KR4101Q90009","코스피200 F 202009","1312","202009","1","312.7"
"20200827","DRV","KR4101Q90009","코스피200 F 202009","1313","202009","1","312.85"
"20200827","DRV","KR4101Q90009","코스피200 F 202009","1314","202009","1","312.8"
"20200827","DRV","KR4101Q90009","코스피200 F 202009","1315","202009","1","312.55"
"20200827","DRV","KR4101Q90009","코스피200 F 202009","1316","202009","1","312.65"
"20200827","DRV","KR4101Q90009","코스피200 F 202009","1317","202009","1","312.6"
"20200827","DRV","KR4101Q90009","코스피200 F 202009","1318","202009","1","312.4"
"20200827","DRV","KR4101Q90009","코스피200 F 202009","1319","202009","1","312.5"
"20200827","DRV","KR4101Q90009","코스피200 F 202009","1320","202009","1","312.4"
"20200827","DRV","KR4101Q90009","코스피200 F 202009","1321","202009","1","312.45"
"20200827","DRV","KR4101Q90009","코스피200 F 202009","1322","202009","1","312.4"
"20200827","DRV","KR4101Q90009","코스피200 F 202009","1323","202009","1","312.3"
"20200827","DRV","KR4101Q90009","코스피200 F 202009","1324","202009","1","312.3"
"20200827","DRV","KR4101Q90009","코스피200 F 202009","1325","202009","1","312.4"
"20200827","DRV","KR4101Q90009","코스피200 F 202009","1326","202009","1","312.35"
"20200827","DRV","KR4101Q90009","코스피200 F 202009","1327","202009","1","312.5"
"20200827","DRV","KR4101Q90009","코스피200 F 202009","1328","202009","1","312.35"
"20200827","DRV","KR4101Q90009","코스피200 F 202009","1329","202009","1","312.4"
"20200827","DRV","KR4101Q90009","코스피200 F 202009","1330","202009","1","312.45"
"20200827","DRV","KR4101Q90009","코스피200 F 202009","1331","202009","1","312.65"
"20200827","DRV","KR4101Q90009","코스피200 F 202009","1332","202009","1","312.75"
"20200827","DRV","KR4101Q90009","코스피200 F 202009","1333","202009","1","312.7"
"20200827","DRV","KR4101Q90009","코스피200 F 202009","1334","202009","1","312.7"
"20200827","DRV","KR4101Q90009","코스피200 F 202009","1335","202009","1","312.55"
"20200827","DRV","KR4101Q90009","코스피200 F 202009","1336","202009","1","312.65"
"20200827","DRV","KR4101Q90009","코스피200 F 202009","1337","202009","1","312.15"
"20200827","DRV","KR4101Q90009","코스피200 F 202009","1338","202009","1","312.15"
"20200827","DRV","KR4101Q90009","코스피200 F 202009","1339","202009","1","312.1"
"20200827","DRV","KR4101Q90009","코스피200 F 202009","1340","202009","1","312.25"
"20200827","DRV","KR4101Q90009","코스피200 F 202009","1341","202009","1","312.2"
"20200827","DRV","KR4101Q90009","코스피200 F 202009","1342","202009","1","311.9"
"20200827","DRV","KR4101Q90009","코스피200 F 202009","1343","202009","1","311.85"
"20200827","DRV","KR4101Q90009","코스피200 F 202009","1344","202009","1","311.7"
"20200827","DRV","KR4101Q90009","코스피200 F 202009","1345","202009","1","311.65"
"20200827","DRV","KR4101Q90009","코스피200 F 202009","1346","202009","1","311.65"
"20200827","DRV","KR4101Q90009","코스피200 F 202009","1347","202009","1","311.65"
"20200827","DRV","KR4101Q90009","코스피200 F 202009","1348","202009","1","311.45"
"20200827","DRV","KR4101Q90009","코스피200 F 202009","1349","202009","1","311.55"
"20200827","DRV","KR4101Q90009","코스피200 F 202009","1350","202009","1","311.65"
"20200827","DRV","KR4101Q90009","코스피200 F 202009","1351","202009","1","311.75"
"20200827","DRV","KR4101Q90009","코스피200 F 202009","1352","202009","1","311.8"
"20200827","DRV","KR4101Q90009","코스피200 F 202009","1353","202009","1","311.9"
"20200827","DRV","KR4101Q90009","코스피200 F 202009","1354","202009","1","311.9"
"20200827","DRV","KR4101Q90009","코스피200 F 202009","1355","202009","1","311.95"
"20200827","DRV","KR4101Q90009","코스피200 F 202009","1356","202009","1","311.75"
"20200827","DRV","KR4101Q90009","코스피200 F 202009","1357","202009","1","311.75"
"20200827","DRV","KR4101Q90009","코스피200 F 202009","1358","202009","1","311.85"
"20200827","DRV","KR4101Q90009","코스피200 F 202009","1359","202009","1","311.85"
"20200827","DRV","KR4101Q90009","코스피200 F 202009","1400","202009","1","311.75"
"20200827","DRV","KR4101Q90009","코스피200 F 202009","1401","202009","1","311.9"
"20200827","DRV","KR4101Q90009","코스피200 F 202009","1402","202009","1","312"
"20200827","DRV","KR4101Q90009","코스피200 F 202009","1403","202009","1","311.9"
"20200827","DRV","KR4101Q90009","코스피200 F 202009","1404","202009","1","312.1"
"20200827","DRV","KR4101Q90009","코스피200 F 202009","1405","202009","1","311.9"
"20200827","DRV","KR4101Q90009","코스피200 F 202009","1406","202009","1","311.8"
"20200827","DRV","KR4101Q90009","코스피200 F 202009","1407","202009","1","311.75"
"20200827","DRV","KR4101Q90009","코스피200 F 202009","1408","202009","1","311.7"
"20200827","DRV","KR4101Q90009","코스피200 F 202009","1409","202009","1","311.65"
"20200827","DRV","KR4101Q90009","코스피200 F 202009","1410","202009","1","311.7"
"20200827","DRV","KR4101Q90009","코스피200 F 202009","1411","202009","1","311.85"
"20200827","DRV","KR4101Q90009","코스피200 F 202009","1412","202009","1","311.7"
"20200827","DRV","KR4101Q90009","코스피200 F 202009","1413","202009","1","311.7"
"20200827","DRV","KR4101Q90009","코스피200 F 202009","1414","202009","1","311.7"
"20200827","DRV","KR4101Q90009","코스피200 F 202009","1415","202009","1","311.85"
"20200827","DRV","KR4101Q90009","코스피200 F 202009","1416","202009","1","312"
"20200827","DRV","KR4101Q90009","코스피200 F 202009","1417","202009","1","312.2"
"20200827","DRV","KR4101Q90009","코스피200 F 202009","1418","202009","1","312.3"
"20200827","DRV","KR4101Q90009","코스피200 F 202009","1419","202009","1","312.35"
"20200827","DRV","KR4101Q90009","코스피200 F 202009","1420","202009","1","312.5"
"20200827","DRV","KR4101Q90009","코스피200 F 202009","1421","202009","1","312.5"
"20200827","DRV","KR4101Q90009","코스피200 F 202009","1422","202009","1","312.35"
"20200827","DRV","KR4101Q90009","코스피200 F 202009","1423","202009","1","312.25"
"20200827","DRV","KR4101Q90009","코스피200 F 202009","1424","202009","1","312.5"
"20200827","DRV","KR4101Q90009","코스피200 F 202009","1425","202009","1","312.25"
"20200827","DRV","KR4101Q90009","코스피200 F 202009","1426","202009","1","312.1"
"20200827","DRV","KR4101Q90009","코스피200 F 202009","1427","202009","1","312.3"
"20200827","DRV","KR4101Q90009","코스피200 F 202009","1428","202009","1","312.2"
"20200827","DRV","KR4101Q90009","코스피200 F 202009","1429","202009","1","312.15"
"20200827","DRV","KR4101Q90009","코스피200 F 202009","1430","202009","1","311.85"
"20200827","DRV","KR4101Q90009","코스피200 F 202009","1431","202009","1","311.8"
"20200827","DRV","KR4101Q90009","코스피200 F 202009","1432","202009","1","311.85"
"20200827","DRV","KR4101Q90009","코스피200 F 202009","1433","202009","1","311.9"
"20200827","DRV","KR4101Q90009","코스피200 F 202009","1434","202009","1","312.15"
"20200827","DRV","KR4101Q90009","코스피200 F 202009","1435","202009","1","311.95"
"20200827","DRV","KR4101Q90009","코스피200 F 202009","1436","202009","1","312.05"
"20200827","DRV","KR4101Q90009","코스피200 F 202009","1437","202009","1","312"
"20200827","DRV","KR4101Q90009","코스피200 F 202009","1438","202009","1","311.95"
"20200827","DRV","KR4101Q90009","코스피200 F 202009","1439","202009","1","312.05"
"20200827","DRV","KR4101Q90009","코스피200 F 202009","1440","202009","1","312"
"20200827","DRV","KR4101Q90009","코스피200 F 202009","1441","202009","1","311.8"
"20200827","DRV","KR4101Q90009","코스피200 F 202009","1442","202009","1","311.9"
"20200827","DRV","KR4101Q90009","코스피200 F 202009","1443","202009","1","311.9"
"20200827","DRV","KR4101Q90009","코스피200 F 202009","1444","202009","1","311.85"
"20200827","DRV","KR4101Q90009","코스피200 F 202009","1445","202009","1","311.9"
"20200827","DRV","KR4101Q90009","코스피200 F 202009","1446","202009","1","312.25"
"20200827","DRV","KR4101Q90009","코스피200 F 202009","1447","202009","1","312.25"
"20200827","DRV","KR4101Q90009","코스피200 F 202009","1448","202009","1","312.2"
"20200827","DRV","KR4101Q90009","코스피200 F 202009","1449","202009","1","312.4"
"20200827","DRV","KR4101Q90009","코스피200 F 202009","1450","202009","1","312.35"
"20200827","DRV","KR4101Q90009","코스피200 F 202009","1451","202009","1","312.35"
"20200827","DRV","KR4101Q90009","코스피200 F 202009","1452","202009","1","312.4"
"20200827","DRV","KR4101Q90009","코스피200 F 202009","1453","202009","1","312.6"
"20200827","DRV","KR4101Q90009","코스피200 F 202009","1454","202009","1","312.7"
"20200827","DRV","KR4101Q90009","코스피200 F 202009","1455","202009","1","312.5"
"20200827","DRV","KR4101Q90009","코스피200 F 202009","1456","202009","1","312.55"
"20200827","DRV","KR4101Q90009","코스피200 F 202009","1457","202009","1","312.3"
"20200827","DRV","KR4101Q90009","코스피200 F 202009","1458","202009","1","312.5"
"20200827","DRV","KR4101Q90009","코스피200 F 202009","1459","202009","1","312.5"
"20200827","DRV","KR4101Q90009","코스피200 F 202009","1500","202009","1","312.15"
"20200827","DRV","KR4101Q90009","코스피200 F 202009","1501","202009","1","312.1"
"20200827","DRV","KR4101Q90009","코스피200 F 202009","1502","202009","1","311.95"
"20200827","DRV","KR4101Q90009","코스피200 F 202009","1503","202009","1","311.9"
"20200827","DRV","KR4101Q90009","코스피200 F 202009","1504","202009","1","311.95"
"20200827","DRV","KR4101Q90009","코스피200 F 202009","1505","202009","1","311.85"
"20200827","DRV","KR4101Q90009","코스피200 F 202009","1506","202009","1","312.05"
"20200827","DRV","KR4101Q90009","코스피200 F 202009","1507","202009","1","312"
"20200827","DRV","KR4101Q90009","코스피200 F 202009","1508","202009","1","311.85"
"20200827","DRV","KR4101Q90009","코스피200 F 202009","1509","202009","1","311.7"
"20200827","DRV","KR4101Q90009","코스피200 F 202009","1510","202009","1","311.8"
"20200827","DRV","KR4101Q90009","코스피200 F 202009","1511","202009","1","311.6"
"20200827","DRV","KR4101Q90009","코스피200 F 202009","1512","202009","1","311.55"
"20200827","DRV","KR4101Q90009","코스피200 F 202009","1513","202009","1","311.3"
"20200827","DRV","KR4101Q90009","코스피200 F 202009","1514","202009","1","311.5"
"20200827","DRV","KR4101Q90009","코스피200 F 202009","1515","202009","1","311.4"
"20200827","DRV","KR4101Q90009","코스피200 F 202009","1516","202009","1","311.35"
"20200827","DRV","KR4101Q90009","코스피200 F 202009","1517","202009","1","311.35"
"20200827","DRV","KR4101Q90009","코스피200 F 202009","1518","202009","1","311.3"
"20200827","DRV","KR4101Q90009","코스피200 F 202009","1519","202009","1","311.3"
"20200827","DRV","KR4101Q90009","코스피200 F 202009","1520","202009","1","311.05"
"20200827","DRV","KR4101Q90009","코스피200 F 202009","1521","202009","1","310.7"
"20200827","DRV","KR4101Q90009","코스피200 F 202009","1522","202009","1","311"
"20200827","DRV","KR4101Q90009","코스피200 F 202009","1523","202009","1","310.8"
"20200827","DRV","KR4101Q90009","코스피200 F 202009","1524","202009","1","310.85"
"20200827","DRV","KR4101Q90009","코스피200 F 202009","1525","202009","1","310.8"
"20200827","DRV","KR4101Q90009","코스피200 F 202009","1526","202009","1","310.8"
"20200827","DRV","KR4101Q90009","코스피200 F 202009","1527","202009","1","310.9"
"20200827","DRV","KR4101Q90009","코스피200 F 202009","1528","202009","1","310.95"
"20200827","DRV","KR4101Q90009","코스피200 F 202009","1529","202009","1","311"
"20200827","DRV","KR4101Q90009","코스피200 F 202009","1530","202009","1","311.2"
"20200827","DRV","KR4101Q90009","코스피200 F 202009","1531","202009","1","310.9"
"20200827","DRV","KR4101Q90009","코스피200 F 202009","1532","202009","1","310.95"
"20200827","DRV","KR4101Q90009","코스피200 F 202009","1533","202009","1","310.9"
"20200827","DRV","KR4101Q90009","코스피200 F 202009","1534","202009","1","310.95"
"20200827","DRV","KR4101Q90009","코스피200 F 202009","1545","202009","1","310.8"
"20200827","DRV","KR4101QC0001","코스피200 F 202012","0900","202012","2","314.05"
"20200827","DRV","KR4101QC0001","코스피200 F 202012","0901","202012","2","313.7"
"20200827","DRV","KR4101QC0001","코스피200 F 202012","0902","202012","2","313.7"
"20200827","DRV","KR4101QC0001","코스피200 F 202012","0903","202012","2","313.8"
"20200827","DRV","KR4101QC0001","코스피200 F 202012","0904","202012","2","313.35"
"20200827","DRV","KR4101QC0001","코스피200 F 202012","0905","202012","2","313.15"
"20200827","DRV","KR4101QC0001","코스피200 F 202012","0907","202012","2","313"
"20200827","DRV","KR4101QC0001","코스피200 F 202012","0908","202012","2","312.7"
"20200827","DRV","KR4101QC0001","코스피200 F 202012","0909","202012","2","312.65"
"20200827","DRV","KR4101QC0001","코스피200 F 202012","0910","202012","2","312.7"
"20200827","DRV","KR4101QC0001","코스피200 F 202012","0911","202012","2","313.35"
"20200827","DRV","KR4101QC0001","코스피200 F 202012","0912","202012","2","313.3"
"20200827","DRV","KR4101QC0001","코스피200 F 202012","0913","202012","2","313.55"
"20200827","DRV","KR4101QC0001","코스피200 F 202012","0915","202012","2","313.35"
"20200827","DRV","KR4101QC0001","코스피200 F 202012","0916","202012","2","313"
"20200827","DRV","KR4101QC0001","코스피200 F 202012","0917","202012","2","312.7"
"20200827","DRV","KR4101QC0001","코스피200 F 202012","0918","202012","2","313.05"
"20200827","DRV","KR4101QC0001","코스피200 F 202012","0919","202012","2","312.95"
"20200827","DRV","KR4101QC0001","코스피200 F 202012","0920","202012","2","312.8"
"20200827","DRV","KR4101QC0001","코스피200 F 202012","0923","202012","2","313.1"
"20200827","DRV","KR4101QC0001","코스피200 F 202012","0926","202012","2","312.6"
"20200827","DRV","KR4101QC0001","코스피200 F 202012","0927","202012","2","312.4"
"20200827","DRV","KR4101QC0001","코스피200 F 202012","0928","202012","2","312.8"
"20200827","DRV","KR4101QC0001","코스피200 F 202012","0929","202012","2","312.9"
"20200827","DRV","KR4101QC0001","코스피200 F 202012","0930","202012","2","312.75"
"20200827","DRV","KR4101QC0001","코스피200 F 202012","0931","202012","2","312.7"
"20200827","DRV","KR4101QC0001","코스피200 F 202012","0932","202012","2","312.35"
"20200827","DRV","KR4101QC0001","코스피200 F 202012","0933","202012","2","312.45"
"20200827","DRV","KR4101QC0001","코스피200 F 202012","0934","202012","2","312.3"
"20200827","DRV","KR4101QC0001","코스피200 F 202012","0935","202012","2","312.25"
"20200827","DRV","KR4101QC0001","코스피200 F 202012","0936","202012","2","312.2"
"20200827","DRV","KR4101QC0001","코스피200 F 202012","0938","202012","2","312.45"
"20200827","DRV","KR4101QC0001","코스피200 F 202012","0939","202012","2","312.75"
"20200827","DRV","KR4101QC0001","코스피200 F 202012","0941","202012","2","312.75"
"20200827","DRV","KR4101QC0001","코스피200 F 202012","0942","202012","2","312.7"
"20200827","DRV","KR4101QC0001","코스피200 F 202012","0947","202012","2","313"
"20200827","DRV","KR4101QC0001","코스피200 F 202012","0948","202012","2","313.25"
"20200827","DRV","KR4101QC0001","코스피200 F 202012","0949","202012","2","313.3"
"20200827","DRV","KR4101QC0001","코스피200 F 202012","0950","202012","2","313.3"
"20200827","DRV","KR4101QC0001","코스피200 F 202012","0951","202012","2","313.55"
"20200827","DRV","KR4101QC0001","코스피200 F 202012","0952","202012","2","313.8"
"20200827","DRV","KR4101QC0001","코스피200 F 202012","0953","202012","2","313.75"
"20200827","DRV","KR4101QC0001","코스피200 F 202012","0954","202012","2","313.85"
"20200827","DRV","KR4101QC0001","코스피200 F 202012","0955","202012","2","313.6"
"20200827","DRV","KR4101QC0001","코스피200 F 202012","0956","202012","2","313.65"
"20200827","DRV","KR4101QC0001","코스피200 F 202012","0957","202012","2","313.9"
"20200827","DRV","KR4101QC0001","코스피200 F 202012","0958","202012","2","313.65"
"20200827","DRV","KR4101QC0001","코스피200 F 202012","0959","202012","2","313.5"
"20200827","DRV","KR4101QC0001","코스피200 F 202012","1000","202012","2","313.95"
"20200827","DRV","KR4101QC0001","코스피200 F 202012","1001","202012","2","314.15"
"20200827","DRV","KR4101QC0001","코스피200 F 202012","1002","202012","2","313.95"
"20200827","DRV","KR4101QC0001","코스피200 F 202012","1003","202012","2","314.4"
"20200827","DRV","KR4101QC0001","코스피200 F 202012","1004","202012","2","314.3"
"20200827","DRV","KR4101QC0001","코스피200 F 202012","1005","202012","2","314.15"
"20200827","DRV","KR4101QC0001","코스피200 F 202012","1006","202012","2","314"
"20200827","DRV","KR4101QC0001","코스피200 F 202012","1007","202012","2","314"
"20200827","DRV","KR4101QC0001","코스피200 F 202012","1008","202012","2","313.95"
"20200827","DRV","KR4101QC0001","코스피200 F 202012","1009","202012","2","313.45"
"20200827","DRV","KR4101QC0001","코스피200 F 202012","1010","202012","2","313.45"
"20200827","DRV","KR4101QC0001","코스피200 F 202012","1011","202012","2","313.05"
"20200827","DRV","KR4101QC0001","코스피200 F 202012","1012","202012","2","313.05"
"20200827","DRV","KR4101QC0001","코스피200 F 202012","1013","202012","2","312.7"
"20200827","DRV","KR4101QC0001","코스피200 F 202012","1014","202012","2","312.6"
"20200827","DRV","KR4101QC0001","코스피200 F 202012","1015","202012","2","312.5"
"20200827","DRV","KR4101QC0001","코스피200 F 202012","1016","202012","2","312"
"20200827","DRV","KR4101QC0001","코스피200 F 202012","1017","202012","2","312.3"
"20200827","DRV","KR4101QC0001","코스피200 F 202012","1018","202012","2","312.15"
"20200827","DRV","KR4101QC0001","코스피200 F 202012","1019","202012","2","312.25"
"20200827","DRV","KR4101QC0001","코스피200 F 202012","1020","202012","2","312.85"
"20200827","DRV","KR4101QC0001","코스피200 F 202012","1021","202012","2","312.9"
"20200827","DRV","KR4101QC0001","코스피200 F 202012","1022","202012","2","312.7"
"20200827","DRV","KR4101QC0001","코스피200 F 202012","1023","202012","2","312.6"
"20200827","DRV","KR4101QC0001","코스피200 F 202012","1024","202012","2","312.7"
"20200827","DRV","KR4101QC0001","코스피200 F 202012","1025","202012","2","312.85"
"20200827","DRV","KR4101QC0001","코스피200 F 202012","1028","202012","2","312.9"
"20200827","DRV","KR4101QC0001","코스피200 F 202012","1029","202012","2","313"
"20200827","DRV","KR4101QC0001","코스피200 F 202012","1030","202012","2","312.8"
"20200827","DRV","KR4101QC0001","코스피200 F 202012","1032","202012","2","312.75"
"20200827","DRV","KR4101QC0001","코스피200 F 202012","1033","202012","2","312.5"
"20200827","DRV","KR4101QC0001","코스피200 F 202012","1034","202012","2","312"
"20200827","DRV","KR4101QC0001","코스피200 F 202012","1035","202012","2","312"
"20200827","DRV","KR4101QC0001","코스피200 F 202012","1036","202012","2","311.9"
"20200827","DRV","KR4101QC0001","코스피200 F 202012","1037","202012","2","312"
"20200827","DRV","KR4101QC0001","코스피200 F 202012","1038","202012","2","312.15"
"20200827","DRV","KR4101QC0001","코스피200 F 202012","1039","202012","2","311.85"
"20200827","DRV","KR4101QC0001","코스피200 F 202012","1040","202012","2","311.75"
"20200827","DRV","KR4101QC0001","코스피200 F 202012","1043","202012","2","311.45"
"20200827","DRV","KR4101QC0001","코스피200 F 202012","1044","202012","2","311.25"
"20200827","DRV","KR4101QC0001","코스피200 F 202012","1045","202012","2","311.15"
"20200827","DRV","KR4101QC0001","코스피200 F 202012","1046","202012","2","311.2"
"20200827","DRV","KR4101QC0001","코스피200 F 202012","1047","202012","2","311.3"
"20200827","DRV","KR4101QC0001","코스피200 F 202012","1048","202012","2","311.3"
"20200827","DRV","KR4101QC0001","코스피200 F 202012","1049","202012","2","311.5"
"20200827","DRV","KR4101QC0001","코스피200 F 202012","1050","202012","2","311.6"
"20200827","DRV","KR4101QC0001","코스피200 F 202012","1051","202012","2","311.9"
"20200827","DRV","KR4101QC0001","코스피200 F 202012","1052","202012","2","311.95"
"20200827","DRV","KR4101QC0001","코스피200 F 202012","1053","202012","2","311.85"
"20200827","DRV","KR4101QC0001","코스피200 F 202012","1054","202012","2","311.85"
"20200827","DRV","KR4101QC0001","코스피200 F 202012","1055","202012","2","311.45"
"20200827","DRV","KR4101QC0001","코스피200 F 202012","1056","202012","2","311.45"
"20200827","DRV","KR4101QC0001","코스피200 F 202012","1059","202012","2","311.95"
"20200827","DRV","KR4101QC0001","코스피200 F 202012","1100","202012","2","312"
"20200827","DRV","KR4101QC0001","코스피200 F 202012","1101","202012","2","312.2"
"20200827","DRV","KR4101QC0001","코스피200 F 202012","1103","202012","2","312.05"
"20200827","DRV","KR4101QC0001","코스피200 F 202012","1105","202012","2","311.9"
"20200827","DRV","KR4101QC0001","코스피200 F 202012","1107","202012","2","311.75"
"20200827","DRV","KR4101QC0001","코스피200 F 202012","1110","202012","2",
"20200827","DRV","KR4101QC0001","코스피200 F 202012","1112","202012","2","311.65"
"20200827","DRV","KR4101QC0001","코스피200 F 202012","1113","202012","2","311.6"
"20200827","DRV","KR4101QC0001","코스피200 F 202012","1114","202012","2","311.7"
"20200827","DRV","KR4101QC0001","코스피200 F 202012","1115","202012","2","311.9"
"20200827","DRV","KR4101QC0001","코스피200 F 202012","1117","202012","2","311.55"
"20200827","DRV","KR4101QC0001","코스피200 F 202012","1118","202012","2","311.5"
"20200827","DRV","KR4101QC0001","코스피200 F 202012","1119","202012","2","311.4"
"20200827","DRV","KR4101QC0001","코스피200 F 202012","1120","202012","2","311.25"
"20200827","DRV","KR4101QC0001","코스피200 F 202012","1121","202012","2","310.9"
"20200827","DRV","KR4101QC0001","코스피200 F 202012","1122","202012","2","311"
"20200827","DRV","KR4101QC0001","코스피200 F 202012","1123","202012","2","310.85"
"20200827","DRV","KR4101QC0001","코스피200 F 202012","1124","202012","2","310.85"
"20200827","DRV","KR4101QC0001","코스피200 F 202012","1125","202012","2","310.95"
"20200827","DRV","KR4101QC0001","코스피200 F 202012","1126","202012","2","311.2"
"20200827","DRV","KR4101QC0001","코스피200 F 202012","1127","202012","2","311.5"
"20200827","DRV","KR4101QC0001","코스피200 F 202012","1128","202012","2","311.75"
"20200827","DRV","KR4101QC0001","코스피200 F 202012","1129","202012","2","311.6"
"20200827","DRV","KR4101QC0001","코스피200 F 202012","1130","202012","2","311.45"
"20200827","DRV","KR4101QC0001","코스피200 F 202012","1133","202012","2","311.8"
"20200827","DRV","KR4101QC0001","코스피200 F 202012","1134","202012","2","311.8"
"20200827","DRV","KR4101QC0001","코스피200 F 202012","1136","202012","2","311.75"
"20200827","DRV","KR4101QC0001","코스피200 F 202012","1140","202012","2","311.85"
"20200827","DRV","KR4101QC0001","코스피200 F 202012","1144","202012","2","312.1"
"20200827","DRV","KR4101QC0001","코스피200 F 202012","1146","202012","2","312.25"
"20200827","DRV","KR4101QC0001","코스피200 F 202012","1149","202012","2","312.4"
"20200827","DRV","KR4101QC0001","코스피200 F 202012","1150","202012","2","312.4"
"20200827","DRV","KR4101QC0001","코스피200 F 202012","1151","202012","2","312.4"
"20200827","DRV","KR4101QC0001","코스피200 F 202012","1152","202012","2","312.1"
"20200827","DRV","KR4101QC0001","코스피200 F 202012","1155","202012","2","311.95"
"20200827","DRV","KR4101QC0001","코스피200 F 202012","1157","202012","2","311.85"
"20200827","DRV","KR4101QC0001","코스피200 F 202012","1159","202012","2","312.25"
"20200827","DRV","KR4101QC0001","코스피200 F 202012","1203","202012","2","311.8"
"20200827","DRV","KR4101QC0001","코스피200 F 202012","1204","202012","2","311.8"
"20200827","DRV","KR4101QC0001","코스피200 F 202012","1205","202012","2","311.95"
"20200827","DRV","KR4101QC0001","코스피200 F 202012","1206","202012","2","311.8"
"20200827","DRV","KR4101QC0001","코스피200 F 202012","1207","202012","2","311.65"
"20200827","DRV","KR4101QC0001","코스피200 F 202012","1210","202012","2","311.85"
"20200827","DRV","KR4101QC0001","코스피200 F 202012","1212","202012","2","312"
"20200827","DRV","KR4101QC0001","코스피200 F 202012","1214","202012","2","312.05"
"20200827","DRV","KR4101QC0001","코스피200 F 202012","1216","202012","2","312.25"
"20200827","DRV","KR4101QC0001","코스피200 F 202012","1217","202012","2","312.5"
"20200827","DRV","KR4101QC0001","코스피200 F 202012","1218","202012","2","312.6"
"20200827","DRV","KR4101QC0001","코스피200 F 202012","1219","202012","2","312.6"
"20200827","DRV","KR4101QC0001","코스피200 F 202012","1220","202012","2","312.55"
"20200827","DRV","KR4101QC0001","코스피200 F 202012","1222","202012","2","312.55"
"20200827","DRV","KR4101QC0001","코스피200 F 202012","1223","202012","2","312.55"
"20200827","DRV","KR4101QC0001","코스피200 F 202012","1225","202012","2","312.7"
"20200827","DRV","KR4101QC0001","코스피200 F 202012","1226","202012","2","312.75"
"20200827","DRV","KR4101QC0001","코스피200 F 202012","1228","202012","2","312.8"
"20200827","DRV","KR4101QC0001","코스피200 F 202012","1229","202012","2","312.8"
"20200827","DRV","KR4101QC0001","코스피200 F 202012","1231","202012","2","312.75"
"20200827","DRV","KR4101QC0001","코스피200 F 202012","1233","202012","2","312.8"
"20200827","DRV","KR4101QC0001","코스피200 F 202012","1234","202012","2","312.8"
"20200827","DRV","KR4101QC0001","코스피200 F 202012","1235","202012","2","312.85"
"20200827","DRV","KR4101QC0001","코스피200 F 202012","1236","202012","2","313.05"
"20200827","DRV","KR4101QC0001","코스피200 F 202012","1238","202012","2","312.85"
"20200827","DRV","KR4101QC0001","코스피200 F 202012","1239","202012","2","312.75"
"20200827","DRV","KR4101QC0001","코스피200 F 202012","1240","202012","2","312.65"
"20200827","DRV","KR4101QC0001","코스피200 F 202012","1241","202012","2","312.6"
"20200827","DRV","KR4101QC0001","코스피200 F 202012","1242","202012","2","312.75"
"20200827","DRV","KR4101QC0001","코스피200 F 202012","1249","202012","2","312.95"
"20200827","DRV","KR4101QC0001","코스피200 F 202012","1251","202012","2","312.7"
"20200827","DRV","KR4101QC0001","코스피200 F 202012","1256","202012","2","312.75"
"20200827","DRV","KR4101QC0001","코스피200 F 202012","1257","202012","2","312.8"
"20200827","DRV","KR4101QC0001","코스피200 F 202012","1303","202012","2","312.5"
"20200827","DRV","KR4101QC0001","코스피200 F 202012","1304","202012","2","312.55"
"20200827","DRV","KR4101QC0001","코스피200 F 202012","1305","202012","2","312.35"
"20200827","DRV","KR4101QC0001","코스피200 F 202012","1307","202012","2","312.3"
"20200827","DRV","KR4101QC0001","코스피200 F 202012","1308","202012","2","312.25"
"20200827","DRV","KR4101QC0001","코스피200 F 202012","1309","202012","2","312.15"
"20200827","DRV","KR4101QC0001","코스피200 F 202012","1310","202012","2","312.2"
"20200827","DRV","KR4101QC0001","코스피200 F 202012","1311","202012","2","312.3"
"20200827","DRV","KR4101QC0001","코스피200 F 202012","1312","202012","2","312.25"
"20200827","DRV","KR4101QC0001","코스피200 F 202012","1313","202012","2","312.35"
"20200827","DRV","KR4101QC0001","코스피200 F 202012","1314","202012","2","312.45"
"20200827","DRV","KR4101QC0001","코스피200 F 202012","1318","202012","2","312.1"
"20200827","DRV","KR4101QC0001","코스피200 F 202012","1319","202012","2","312.1"
"20200827","DRV","KR4101QC0001","코스피200 F 202012","1320","202012","2","312.05"
"20200827","DRV","KR4101QC0001","코스피200 F 202012","1321","202012","2","312"
"20200827","DRV","KR4101QC0001","코스피200 F 202012","1323","202012","2","311.9"
"20200827","DRV","KR4101QC0001","코스피200 F 202012","1324","202012","2","312"
"20200827","DRV","KR4101QC0001","코스피200 F 202012","1325","202012","2","312.05"
"20200827","DRV","KR4101QC0001","코스피200 F 202012","1327","202012","2","312.1"
"20200827","DRV","KR4101QC0001","코스피200 F 202012","1329","202012","2","312.05"
"20200827","DRV","KR4101QC0001","코스피200 F 202012","1330","202012","2",
"20200827","DRV","KR4101QC0001","코스피200 F 202012","1331","202012","2","312.25"
"20200827","DRV","KR4101QC0001","코스피200 F 202012","1332","202012","2","312.35"
"20200827","DRV","KR4101QC0001","코스피200 F 202012","1333","202012","2","312.35"
"20200827","DRV","KR4101QC0001","코스피200 F 202012","1334","202012","2","312.4"
"20200827","DRV","KR4101QC0001","코스피200 F 202012","1337","202012","2","311.95"
"20200827","DRV","KR4101QC0001","코스피200 F 202012","1338","202012","2","311.8"
"20200827","DRV","KR4101QC0001","코스피200 F 202012","1339","202012","2","311.85"
"20200827","DRV","KR4101QC0001","코스피200 F 202012","1341","202012","2","311.7"
"20200827","DRV","KR4101QC0001","코스피200 F 202012","1342","202012","2","311.55"
"20200827","DRV","KR4101QC0001","코스피200 F 202012","1343","202012","2","311.45"
"20200827","DRV","KR4101QC0001","코스피200 F 202012","1344","202012","2","311.3"
"20200827","DRV","KR4101QC0001","코스피200 F 202012","1345","202012","2","311.3"
"20200827","DRV","KR4101QC0001","코스피200 F 202012","1346","202012","2","311.3"
"20200827","DRV","KR4101QC0001","코스피200 F 202012","1347","202012","2","311.25"
"20200827","DRV","KR4101QC0001","코스피200 F 202012","1348","202012","2","311.2"
"20200827","DRV","KR4101QC0001","코스피200 F 202012","1349","202012","2","311.05"
"20200827","DRV","KR4101QC0001","코스피200 F 202012","1350","202012","2","311.3"
"20200827","DRV","KR4101QC0001","코스피200 F 202012","1351","202012","2","311.4"
"20200827","DRV","KR4101QC0001","코스피200 F 202012","1352","202012","2","311.55"
"20200827","DRV","KR4101QC0001","코스피200 F 202012","1353","202012","2","311.6"
"20200827","DRV","KR4101QC0001","코스피200 F 202012","1354","202012","2","311.65"
"20200827","DRV","KR4101QC0001","코스피200 F 202012","1357","202012","2","311.3"
"20200827","DRV","KR4101QC0001","코스피200 F 202012","1358","202012","2","311.5"
"20200827","DRV","KR4101QC0001","코스피200 F 202012","1359","202012","2","311.5"
"20200827","DRV","KR4101QC0001","코스피200 F 202012","1401","202012","2","311.55"
"20200827","DRV","KR4101QC0001","코스피200 F 202012","1402","202012","2","311.55"
"20200827","DRV","KR4101QC0001","코스피200 F 202012","1403","202012","2","311.5"
"20200827","DRV","KR4101QC0001","코스피200 F 202012","1404","202012","2","311.65"
"20200827","DRV","KR4101QC0001","코스피200 F 202012","1405","202012","2","311.75"
"20200827","DRV","KR4101QC0001","코스피200 F 202012","1406","202012","2","311.6"
"20200827","DRV","KR4101QC0001","코스피200 F 202012","1407","202012","2","311.45"
"20200827","DRV","KR4101QC0001","코스피200 F 202012","1408","202012","2","311.35"
"20200827","DRV","KR4101QC0001","코스피200 F 202012","1409","202012","2","311.25"
"20200827","DRV","KR4101QC0001","코스피200 F 202012","1410","202012","2","311.35"
"20200827","DRV","KR4101QC0001","코스피200 F 202012","1411","202012","2","311.5"
"20200827","DRV","KR4101QC0001","코스피200 F 202012","1412","202012","2","311.35"
"20200827","DRV","KR4101QC0001","코스피200 F 202012","1415","202012","2","311.5"
"20200827","DRV","KR4101QC0001","코스피200 F 202012","1417","202012","2","311.85"
"20200827","DRV","KR4101QC0001","코스피200 F 202012","1418","202012","2","311.9"
"20200827","DRV","KR4101QC0001","코스피200 F 202012","1420","202012","2","312.15"
"20200827","DRV","KR4101QC0001","코스피200 F 202012","1421","202012","2","312.25"
"20200827","DRV","KR4101QC0001","코스피200 F 202012","1422","202012","2","312"
"20200827","DRV","KR4101QC0001","코스피200 F 202012","1423","202012","2","311.9"
"20200827","DRV","KR4101QC0001","코스피200 F 202012","1424","202012","2","312.1"
"20200827","DRV","KR4101QC0001","코스피200 F 202012","1426","202012","2",
"20200827","DRV","KR4101QC0001","코스피200 F 202012","1430","202012","2","311.55"
"20200827","DRV","KR4101QC0001","코스피200 F 202012","1431","202012","2","311.45"
"20200827","DRV","KR4101QC0001","코스피200 F 202012","1432","202012","2","311.4"
"20200827","DRV","KR4101QC0001","코스피200 F 202012","1436","202012","2","311.7"
"20200827","DRV","KR4101QC0001","코스피200 F 202012","1437","202012","2","311.7"
"20200827","DRV","KR4101QC0001","코스피200 F 202012","1438","202012","2","311.6"
"20200827","DRV","KR4101QC0001","코스피200 F 202012","1440","202012","2","311.55"
"20200827","DRV","KR4101QC0001","코스피200 F 202012","1441","202012","2","311.4"
"20200827","DRV","KR4101QC0001","코스피200 F 202012","1446","202012","2","311.85"
"20200827","DRV","KR4101QC0001","코스피200 F 202012","1450","202012","2","312"
"20200827","DRV","KR4101QC0001","코스피200 F 202012","1452","202012","2","312.05"
"20200827","DRV","KR4101QC0001","코스피200 F 202012","1453","202012","2","312.2"
"20200827","DRV","KR4101QC0001","코스피200 F 202012","1454","202012","2","312.25"
"20200827","DRV","KR4101QC0001","코스피200 F 202012","1455","202012","2","312.25"
"20200827","DRV","KR4101QC0001","코스피200 F 202012","1500","202012","2","311.85"
"20200827","DRV","KR4101QC0001","코스피200 F 202012","1502","202012","2","311.65"
"20200827","DRV","KR4101QC0001","코스피200 F 202012","1503","202012","2","311.6"
"20200827","DRV","KR4101QC0001","코스피200 F 202012","1504","202012","2","311.5"
"20200827","DRV","KR4101QC0001","코스피200 F 202012","1508","202012","2","311.5"
"20200827","DRV","KR4101QC0001","코스피200 F 202012","1509","202012","2","311.35"
"20200827","DRV","KR4101QC0001","코스피200 F 202012","1511","202012","2","311.35"
"20200827","DRV","KR4101QC0001","코스피200 F 202012","1512","202012","2","311.3"
"20200827","DRV","KR4101QC0001","코스피200 F 202012","1513","202012","2","310.9"
"20200827","DRV","KR4101QC0001","코스피200 F 202012","1514","202012","2","311.2"
"20200827","DRV","KR4101QC0001","코스피200 F 202012","1516","202012","2","311"
"20200827","DRV","KR4101QC0001","코스피200 F 202012","1517","202012","2","310.95"
"20200827","DRV","KR4101QC0001","코스피200 F 202012","1518","202012","2","310.9"
"20200827","DRV","KR4101QC0001","코스피200 F 202012","1519","202012","2","310.95"
"20200827","DRV","KR4101QC0001","코스피200 F 202012","1520","202012","2","310.7"
"20200827","DRV","KR4101QC0001","코스피200 F 202012","1521","202012","2","310.4"
"20200827","DRV","KR4101QC0001","코스피200 F 202012","1522","202012","2","310.6"
"20200827","DRV","KR4101QC0001","코스피200 F 202012","1523","202012","2","310.4"
"20200827","DRV","KR4101QC0001","코스피200 F 202012","1524","202012","2","310.5"
"20200827","DRV","KR4101QC0001","코스피200 F 202012","1525","202012","2","310.45"
"20200827","DRV","KR4101QC0001","코스피200 F 202012","1526","202012","2","310.5"
"20200827","DRV","KR4101QC0001","코스피200 F 202012","1527","202012","2","310.5"
"20200827","DRV","KR4101QC0001","코스피200 F 202012","1528","202012","2","310.6"
"20200827","DRV","KR4101QC0001","코스피200 F 202012","1529","202012","2","310.6"
"20200827","DRV","KR4101QC0001","코스피200 F 202012","1530","202012","2","310.8"
"20200827","DRV","KR4101QC0001","코스피200 F 202012","1531","202012","2","310.6"
"20200827","DRV","KR4101QC0001","코스피200 F 202012","1532","202012","2","310.65"
"20200827","DRV","KR4101QC0001","코스피200 F 202012","1533","202012","2","310.55"
"20200827","DRV","KR4101QC0001","코스피200 F 202012","1534","202012","2","310.45"
"20200827","DRV","KR4101QC0001","코스피200 F 202012","1545","202012","2","310.4"
"20200827","DRV","KR4101R30003","코스피200 F 202103","1508","202103","3","308.3"
"20200827","DRV","KR4101R30003","코스피200 F 202103","1521","202103","3","307.6"
"20200827","DRV","KR4401Q9QCS4","코스피200 SP 2009-2012","0900","202009","1","-0.45"
"20200827","DRV","KR4401Q9QCS4","코스피200 SP 2009-2012","0904","202009","1","-0.4"
"20200827","DRV","KR4401Q9QCS4","코스피200 SP 2009-2012","0935","202009","1","-0.4"
"20200827","DRV","KR4401Q9QCS4","코스피200 SP 2009-2012","0939","202009","1","-0.4"
"20200827","DRV","KR4401Q9QCS4","코스피200 SP 2009-2012","0950","202009","1","-0.4"
"20200827","DRV","KR4401Q9QCS4","코스피200 SP 2009-2012","1002","202009","1","-0.4"
"20200827","DRV","KR4401Q9QCS4","코스피200 SP 2009-2012","1015","202009","1","-0.4"
"20200827","DRV","KR4401Q9QCS4","코스피200 SP 2009-2012","1016","202009","1","-0.4"
"20200827","DRV","KR4401Q9QCS4","코스피200 SP 2009-2012","1017","202009","1","-0.4"
"20200827","DRV","KR4401Q9QCS4","코스피200 SP 2009-2012","1034","202009","1","-0.4"
"20200827","DRV","KR4401Q9QCS4","코스피200 SP 2009-2012","1035","202009","1","-0.4"
"20200827","DRV","KR4401Q9QCS4","코스피200 SP 2009-2012","1149","202009","1","-0.35"
"20200827","DRV","KR4401Q9QCS4","코스피200 SP 2009-2012","1151","202009","1","-0.35"
"20200827","DRV","KR4401Q9QCS4","코스피200 SP 2009-2012","1152","202009","1","-0.35"
"20200827","DRV","KR4401Q9QCS4","코스피200 SP 2009-2012","1226","202009","1","-0.35"
"20200827","DRV","KR4401Q9QCS4","코스피200 SP 2009-2012","1236","202009","1","-0.35"
"20200827","DRV","KR4401Q9QCS4","코스피200 SP 2009-2012","1238","202009","1","-0.35"
"20200827","DRV","KR4401Q9QCS4","코스피200 SP 2009-2012","1242","202009","1","-0.35"
"20200827","DRV","KR4401Q9QCS4","코스피200 SP 2009-2012","1308","202009","1","-0.35"
"20200827","DRV","KR4401Q9QCS4","코스피200 SP 2009-2012","1309","202009","1","-0.35"
"20200827","DRV","KR4401Q9QCS4","코스피200 SP 2009-2012","1457","202009","1","-0.4"
"20200827","DRV","KR4401Q9R3S7","코스피200 SP 2009-2103","1514","202009","1","-3.3"